2010-01-16 12:00:00  13 2
 -0.0 8.855165481567383
 -3.0 8.846455574035645
 -10.0 8.566455841064453
 -15.0 8.414521217346191
 -20.0 8.290971755981445
 -30.0 8.143229484558105
 -50.0 7.904520034790039
 -75.0 7.8519392013549805
 -100.0 8.089035987854004
 -125.0 8.453553199768066
 -150.0 8.728068351745605
 -200.0 9.582907676696777
 -250.0 10.154196739196777
2010-02-15 00:00:00  13 2
 -0.0 8.069289207458496
 -3.0 8.069289207458496
 -10.0 8.074646949768066
 -15.0 8.082147598266602
 -20.0 8.091788291931152
 -30.0 8.086431503295898
 -50.0 7.937861442565918
 -75.0 7.827502727508545
 -100.0 7.9667887687683105
 -125.0 8.126073837280273
 -150.0 8.34393310546875
 -200.0 9.329646110534668
 -250.0 10.43428897857666
2010-03-16 12:00:00  13 2
 -0.0 9.090648651123047
 -3.0 9.090970993041992
 -10.0 9.100004196166992
 -15.0 9.102582931518555
 -20.0 9.090004920959473
 -30.0 9.067100524902344
 -50.0 8.79806900024414
 -75.0 8.386777877807617
 -100.0 8.298714637756348
 -125.0 8.515486717224121
 -150.0 8.677422523498535
 -200.0 9.164518356323242
 -250.0 9.998711585998535
2010-04-16 00:00:00  13 2
 -0.0 10.443671226501465
 -3.0 10.429670333862305
 -10.0 10.207673072814941
 -15.0 9.854336738586426
 -20.0 9.426671028137207
 -30.0 9.007669448852539
 -50.0 8.62700366973877
 -75.0 8.590004920959473
 -100.0 8.476670265197754
 -125.0 8.474671363830566
 -150.0 8.561671257019043
 -200.0 8.874669075012207
 -250.0 9.72266960144043
2010-05-16 12:00:00  13 2
 -0.0 8.49064826965332
 -3.0 8.491293907165527
 -10.0 8.5361328125
 -15.0 8.819358825683594
 -20.0 9.17548656463623
 -30.0 9.590326309204102
 -50.0 9.16710090637207
 -75.0 8.784196853637695
 -100.0 8.66935920715332
 -125.0 8.537745475769043
 -150.0 8.48387336730957
 -200.0 8.502907752990723
 -250.0 9.219035148620605
2010-06-16 00:00:00  13 2
 -0.0 4.747335910797119
 -3.0 4.748669624328613
 -10.0 4.443670272827148
 -15.0 4.271005630493164
 -20.0 5.548670291900635
 -30.0 8.06367015838623
 -50.0 8.934003829956055
 -75.0 8.898336410522461
 -100.0 8.764669418334961
 -125.0 8.693669319152832
 -150.0 8.649334907531738
 -200.0 8.735671043395996
 -250.0 8.898003578186035
2010-07-16 12:00:00  13 2
 -0.0 1.7264561653137207
 -3.0 1.720970869064331
 -10.0 1.630326747894287
 -15.0 1.66774582862854
 -20.0 4.296778678894043
 -30.0 8.457099914550781
 -50.0 8.924521446228027
 -75.0 8.79839038848877
 -100.0 8.735809326171875
 -125.0 8.690970420837402
 -150.0 8.698067665100098
 -200.0 8.883875846862793
 -250.0 8.945487022399902
2010-08-16 12:00:00  13 2
 -0.0 2.1880674362182617
 -3.0 2.190647840499878
 -10.0 2.220003604888916
 -15.0 2.4725840091705322
 -20.0 3.589036464691162
 -30.0 7.4112958908081055
 -50.0 9.081294059753418
 -75.0 9.231616020202637
 -100.0 9.265165328979492
 -125.0 9.21871280670166
 -150.0 9.223552703857422
 -200.0 9.363229751586914
 -250.0 9.169037818908691
2010-09-16 00:00:00  13 2
 -0.0 2.222337245941162
 -3.0 2.22133731842041
 -10.0 2.2240025997161865
 -15.0 2.26800274848938
 -20.0 2.4793360233306885
 -30.0 3.779337167739868
 -50.0 8.184003829956055
 -75.0 8.886670112609863
 -100.0 9.02367115020752
 -125.0 9.317336082458496
 -150.0 9.498336791992188
 -200.0 9.599335670471191
 -250.0 9.688671112060547
2010-10-16 12:00:00  13 2
 -0.0 3.8290350437164307
 -3.0 3.8241970539093018
 -10.0 3.812584638595581
 -15.0 3.801939010620117
 -20.0 3.8029067516326904
 -30.0 3.901294231414795
 -50.0 5.5987138748168945
 -75.0 7.964521884918213
 -100.0 8.861939430236816
 -125.0 9.340325355529785
 -150.0 9.588714599609375
 -200.0 9.859681129455566
 -250.0 10.051616668701172
2010-11-16 00:00:00  13 2
 -0.0 6.584336757659912
 -3.0 6.58400297164917
 -10.0 6.572003364562988
 -15.0 6.536336421966553
 -20.0 6.500669956207275
 -30.0 6.409670829772949
 -50.0 6.715336322784424
 -75.0 7.856337547302246
 -100.0 8.46033763885498
 -125.0 8.88033676147461
 -150.0 9.322003364562988
 -200.0 9.751669883728027
 -250.0 10.085004806518555
2010-12-16 12:00:00  13 2
 -0.0 8.788714408874512
 -3.0 8.786456108093262
 -10.0 8.74452018737793
 -15.0 8.714842796325684
 -20.0 8.642584800720215
 -30.0 8.399357795715332
 -50.0 7.92290735244751
 -75.0 7.935486793518066
 -100.0 8.861294746398926
 -125.0 9.770648002624512
 -150.0 10.147099494934082
 -200.0 10.201617240905762
 -250.0 10.409358024597168
2011-01-16 12:00:00  13 2
 -0.0 10.04613208770752
 -3.0 10.045165061950684
 -10.0 9.968389511108398
 -15.0 9.71419620513916
 -20.0 9.421293258666992
 -30.0 9.156455993652344
 -50.0 8.580004692077637
 -75.0 8.22226333618164
 -100.0 8.539681434631348
 -125.0 9.601941108703613
 -150.0 9.892906188964844
 -200.0 10.096134185791016
 -250.0 10.42710018157959
2011-02-15 00:00:00  13 2
 -0.0 10.295003890991211
 -3.0 10.294646263122559
 -10.0 10.293575286865234
 -15.0 10.264647483825684
 -20.0 10.160717964172363
 -30.0 9.709647178649902
 -50.0 8.979290962219238
 -75.0 8.691788673400879
 -100.0 8.5700044631958
 -125.0 8.648575782775879
 -150.0 8.838217735290527
 -200.0 9.266790390014648
 -250.0 9.58143138885498
2011-03-16 12:00:00  13 2
 -0.0 9.596778869628906
 -3.0 9.597423553466797
 -10.0 9.601293563842773
 -15.0 9.611294746398926
 -20.0 9.60903549194336
 -30.0 9.584519386291504
 -50.0 9.317422866821289
 -75.0 9.039680480957031
 -100.0 8.903550148010254
 -125.0 8.956777572631836
 -150.0 9.061294555664062
 -200.0 9.399358749389648
 -250.0 9.813875198364258
2011-04-16 00:00:00  13 2
 -0.0 5.934670448303223
 -3.0 5.938337326049805
 -10.0 6.453003883361816
 -15.0 7.34800386428833
 -20.0 8.378335952758789
 -30.0 9.452004432678223
 -50.0 9.419337272644043
 -75.0 8.939668655395508
 -100.0 8.802003860473633
 -125.0 8.678669929504395
 -150.0 8.602335929870605
 -200.0 8.676004409790039
 -250.0 9.226003646850586
2011-05-16 12:00:00  13 2
 -0.0 5.610970497131348
 -3.0 5.61419677734375
 -10.0 5.735164165496826
 -15.0 6.162261962890625
 -20.0 7.310971736907959
 -30.0 8.572583198547363
 -50.0 9.00742244720459
 -75.0 8.45193862915039
 -100.0 8.314197540283203
 -125.0 8.29677677154541
 -150.0 8.325164794921875
 -200.0 8.539359092712402
 -250.0 9.151617050170898
2011-06-16 00:00:00  13 2
 -0.0 4.543336868286133
 -3.0 4.543004512786865
 -10.0 4.63400411605835
 -15.0 4.71800422668457
 -20.0 4.913337230682373
 -30.0 7.935336589813232
 -50.0 9.119670867919922
 -75.0 8.697336196899414
 -100.0 8.534002304077148
 -125.0 8.507670402526855
 -150.0 8.520337104797363
 -200.0 8.940338134765625
 -250.0 9.263004302978516
2011-07-16 12:00:00  13 2
 -0.0 3.2903261184692383
 -3.0 3.290003538131714
 -10.0 3.3061325550079346
 -15.0 3.3687124252319336
 -20.0 4.1754865646362305
 -30.0 7.683551788330078
 -50.0 8.809359550476074
 -75.0 8.834519386291504
 -100.0 8.833229064941406
 -125.0 8.811616897583008
 -150.0 8.810003280639648
 -200.0 8.84451961517334
 -250.0 8.916133880615234
2011-08-16 12:00:00  13 2
 -0.0 3.084197521209717
 -3.0 3.0845203399658203
 -10.0 3.0906479358673096
 -15.0 3.2606496810913086
 -20.0 3.6606478691101074
 -30.0 6.149035930633545
 -50.0 8.386777877807617
 -75.0 8.884197235107422
 -100.0 9.00742244720459
 -125.0 9.010649681091309
 -150.0 9.214520454406738
 -200.0 9.524519920349121
 -250.0 9.356132507324219
2011-09-16 00:00:00  13 2
 -0.0 4.202338218688965
 -3.0 4.202338218688965
 -10.0 4.2043375968933105
 -15.0 4.387336254119873
 -20.0 5.381669998168945
 -30.0 6.564669132232666
 -50.0 7.538337230682373
 -75.0 7.984670162200928
 -100.0 8.255337715148926
 -125.0 8.550671577453613
 -150.0 8.87600326538086
 -200.0 9.488669395446777
 -250.0 9.83967113494873
2011-10-16 12:00:00  13 2
 -0.0 5.445810794830322
 -3.0 5.4454874992370605
 -10.0 5.4432291984558105
 -15.0 5.495809555053711
 -20.0 5.723874568939209
 -30.0 6.223552703857422
 -50.0 6.866454124450684
 -75.0 7.397746562957764
 -100.0 7.931940078735352
 -125.0 8.306456565856934
 -150.0 8.70645523071289
 -200.0 9.134842872619629
 -250.0 9.620970726013184
2011-11-16 00:00:00  13 2
 -0.0 6.3520026206970215
 -3.0 6.3520026206970215
 -10.0 6.352002143859863
 -15.0 6.350002765655518
 -20.0 6.33733606338501
 -30.0 6.319336891174316
 -50.0 6.410002708435059
 -75.0 6.884336948394775
 -100.0 7.441336631774902
 -125.0 8.251670837402344
 -150.0 8.784668922424316
 -200.0 9.323003768920898
 -250.0 9.724337577819824
2011-12-16 12:00:00  13 2
 -0.0 7.081940174102783
 -3.0 7.081617832183838
 -10.0 7.078713893890381
 -15.0 7.074519157409668
 -20.0 7.070326328277588
 -30.0 7.056454658508301
 -50.0 6.977422714233398
 -75.0 7.061939716339111
 -100.0 7.4441962242126465
 -125.0 7.7938737869262695
 -150.0 8.15290641784668
 -200.0 8.748069763183594
 -250.0 9.096454620361328
2012-01-16 12:00:00  13 2
 -0.0 9.067100524902344
 -3.0 9.0654878616333
 -10.0 9.001938819885254
 -15.0 8.93451976776123
 -20.0 8.887422561645508
 -30.0 8.757100105285645
 -50.0 7.930002689361572
 -75.0 7.3538737297058105
 -100.0 7.2993574142456055
 -125.0 7.34258508682251
 -150.0 7.641615867614746
 -200.0 8.175164222717285
 -250.0 8.650647163391113
2012-02-15 12:00:00  13 2
 -0.0 8.4617280960083
 -3.0 8.462072372436523
 -10.0 8.458280563354492
 -15.0 8.427935600280762
 -20.0 8.407588958740234
 -30.0 8.367589950561523
 -50.0 8.28586483001709
 -75.0 8.328968048095703
 -100.0 8.476899147033691
 -125.0 8.732763290405273
 -150.0 9.005175590515137
 -200.0 9.648967742919922
 -250.0 10.244141578674316
2012-03-16 12:00:00  13 2
 -0.0 8.904519081115723
 -3.0 8.905487060546875
 -10.0 8.913229942321777
 -15.0 8.93709945678711
 -20.0 8.955810546875
 -30.0 8.95871353149414
 -50.0 8.436132431030273
 -75.0 7.965487480163574
 -100.0 7.620969772338867
 -125.0 7.544196605682373
 -150.0 7.637744903564453
 -200.0 8.387423515319824
 -250.0 9.281617164611816
2012-04-16 00:00:00  13 2
 -0.0 7.318336009979248
 -3.0 7.320668697357178
 -10.0 7.440003395080566
 -15.0 7.648670673370361
 -20.0 7.816003799438477
 -30.0 7.950336933135986
 -50.0 8.091337203979492
 -75.0 8.025002479553223
 -100.0 8.02133560180664
 -125.0 8.145669937133789
 -150.0 8.312005043029785
 -200.0 8.774669647216797
 -250.0 9.556336402893066
2012-05-16 12:00:00  13 2
 -0.0 6.1309709548950195
 -3.0 6.125487327575684
 -10.0 6.135809421539307
 -15.0 6.278067588806152
 -20.0 6.794520378112793
 -30.0 8.190326690673828
 -50.0 8.340649604797363
 -75.0 8.127100944519043
 -100.0 8.22452163696289
 -125.0 8.34290599822998
 -150.0 8.365164756774902
 -200.0 8.65419864654541
 -250.0 9.725809097290039
2012-06-16 00:00:00  13 2
 -0.0 3.1783370971679688
 -3.0 3.1800034046173096
 -10.0 3.1406702995300293
 -15.0 3.133336305618286
 -20.0 4.650669574737549
 -30.0 7.396002292633057
 -50.0 8.616336822509766
 -75.0 8.567669868469238
 -100.0 8.574003219604492
 -125.0 8.6380033493042
 -150.0 8.755671501159668
 -200.0 8.996004104614258
 -250.0 9.694003105163574
2012-07-16 12:00:00  13 2
 -0.0 1.737744688987732
 -3.0 1.7390363216400146
 -10.0 1.7590361833572388
 -15.0 2.0348432064056396
 -20.0 4.292262077331543
 -30.0 8.10129451751709
 -50.0 8.615166664123535
 -75.0 8.47548770904541
 -100.0 8.511940002441406
 -125.0 8.621938705444336
 -150.0 8.661293983459473
 -200.0 8.851940155029297
 -250.0 9.395164489746094
2012-08-16 12:00:00  13 2
 -0.0 1.5838745832443237
 -3.0 1.5854871273040771
 -10.0 1.65000319480896
 -15.0 1.8077466487884521
 -20.0 2.636777400970459
 -30.0 6.002261161804199
 -50.0 8.221940040588379
 -75.0 8.557745933532715
 -100.0 8.727100372314453
 -125.0 8.785808563232422
 -150.0 8.923550605773926
 -200.0 9.48290729522705
 -250.0 9.571616172790527
2012-09-16 00:00:00  13 2
 -0.0 2.1006698608398438
 -3.0 2.1010029315948486
 -10.0 2.102003574371338
 -15.0 2.1636698246002197
 -20.0 3.446669578552246
 -30.0 6.276003837585449
 -50.0 7.588003635406494
 -75.0 8.079336166381836
 -100.0 8.477670669555664
 -125.0 8.742003440856934
 -150.0 8.935667991638184
 -200.0 9.283670425415039
 -250.0 9.647002220153809
2012-10-16 12:00:00  13 2
 -0.0 4.693227767944336
 -3.0 4.689357757568359
 -10.0 4.674196720123291
 -15.0 4.672260761260986
 -20.0 4.639681339263916
 -30.0 4.681939601898193
 -50.0 6.716778755187988
 -75.0 8.218390464782715
 -100.0 9.003873825073242
 -125.0 9.362585067749023
 -150.0 9.461615562438965
 -200.0 9.622905731201172
 -250.0 10.321937561035156
2012-11-16 00:00:00  13 2
 -0.0 8.021337509155273
 -3.0 8.008337020874023
 -10.0 7.756337642669678
 -15.0 7.310669422149658
 -20.0 6.767001628875732
 -30.0 6.285669803619385
 -50.0 6.438670635223389
 -75.0 7.484002590179443
 -100.0 8.541337013244629
 -125.0 9.250336647033691
 -150.0 9.757335662841797
 -200.0 10.208003997802734
 -250.0 10.752337455749512
2012-12-16 12:00:00  13 2
 -0.0 9.520003318786621
 -3.0 9.515166282653809
 -10.0 9.364521026611328
 -15.0 9.248712539672852
 -20.0 8.965487480163574
 -30.0 8.569357872009277
 -50.0 8.011615753173828
 -75.0 8.087745666503906
 -100.0 8.399358749389648
 -125.0 9.11129379272461
 -150.0 9.544519424438477
 -200.0 10.965165138244629
 -250.0 11.120326042175293
2013-01-16 12:00:00  13 2
 -0.0 10.312261581420898
 -3.0 10.302584648132324
 -10.0 10.19161605834961
 -15.0 10.029035568237305
 -20.0 9.791616439819336
 -30.0 9.40258502960205
 -50.0 8.777100563049316
 -75.0 8.44064998626709
 -100.0 8.326778411865234
 -125.0 8.509037017822266
 -150.0 8.896777153015137
 -200.0 10.115164756774902
 -250.0 11.18677806854248
2013-02-15 00:00:00  13 2
 -0.0 11.690360069274902
 -3.0 11.655717849731445
 -10.0 11.247147560119629
 -15.0 11.070359230041504
 -20.0 10.901432991027832
 -30.0 10.38571834564209
 -50.0 9.303574562072754
 -75.0 8.851073265075684
 -100.0 8.713574409484863
 -125.0 8.724647521972656
 -150.0 8.983576774597168
 -200.0 9.430718421936035
 -250.0 9.750360488891602
2013-03-16 12:00:00  13 2
 -0.0 10.835165023803711
 -3.0 10.827746391296387
 -10.0 10.872262001037598
 -15.0 10.884197235107422
 -20.0 10.708390235900879
 -30.0 10.18000316619873
 -50.0 9.332906723022461
 -75.0 9.046778678894043
 -100.0 8.969679832458496
 -125.0 9.102261543273926
 -150.0 9.414519309997559
 -200.0 10.048714637756348
 -250.0 10.741617202758789
2013-04-16 00:00:00  13 2
 -0.0 8.29966926574707
 -3.0 8.298669815063477
 -10.0 8.371335983276367
 -15.0 8.5780029296875
 -20.0 8.851338386535645
 -30.0 9.037003517150879
 -50.0 9.222670555114746
 -75.0 9.0700044631958
 -100.0 9.111336708068848
 -125.0 9.325672149658203
 -150.0 9.573003768920898
 -200.0 10.264337539672852
 -250.0 11.268669128417969
2013-05-16 12:00:00  13 2
 -0.0 6.7135515213012695
 -3.0 6.7161335945129395
 -10.0 6.760648250579834
 -15.0 6.881293296813965
 -20.0 7.092907428741455
 -30.0 8.611939430236816
 -50.0 8.805164337158203
 -75.0 8.672584533691406
 -100.0 8.620326042175293
 -125.0 8.647744178771973
 -150.0 8.757745742797852
 -200.0 9.182906150817871
 -250.0 9.698713302612305
2013-06-16 00:00:00  13 2
 -0.0 5.029336452484131
 -3.0 5.031002521514893
 -10.0 4.915003776550293
 -15.0 4.470670700073242
 -20.0 5.119338035583496
 -30.0 8.590670585632324
 -50.0 8.778671264648438
 -75.0 8.671670913696289
 -100.0 8.64200210571289
 -125.0 8.659672737121582
 -150.0 8.701004981994629
 -200.0 9.121337890625
 -250.0 9.420671463012695
2013-07-16 12:00:00  13 2
 -0.0 2.6674227714538574
 -3.0 2.665809392929077
 -10.0 2.688713788986206
 -15.0 2.6158101558685303
 -20.0 2.890970468521118
 -30.0 7.840647220611572
 -50.0 8.812262535095215
 -75.0 8.918713569641113
 -100.0 9.01871395111084
 -125.0 9.050326347351074
 -150.0 9.04967975616455
 -200.0 9.296133041381836
 -250.0 9.440326690673828
2013-08-16 12:00:00  13 2
 -0.0 1.8338745832443237
 -3.0 1.8348428010940552
 -10.0 1.863873839378357
 -15.0 2.0129075050354004
 -20.0 2.6519386768341064
 -30.0 6.246134281158447
 -50.0 8.388068199157715
 -75.0 8.602907180786133
 -100.0 8.707746505737305
 -125.0 8.808388710021973
 -150.0 8.883552551269531
 -200.0 9.089359283447266
 -250.0 9.210972785949707
2013-09-16 00:00:00  13 2
 -0.0 1.7786701917648315
 -3.0 1.7786701917648315
 -10.0 1.7780029773712158
 -15.0 1.837336778640747
 -20.0 3.014336109161377
 -30.0 6.816337585449219
 -50.0 8.08900260925293
 -75.0 8.609001159667969
 -100.0 8.976337432861328
 -125.0 9.172337532043457
 -150.0 9.29533863067627
 -200.0 9.374670028686523
 -250.0 9.320003509521484
2013-10-16 12:00:00  13 2
 -0.0 3.5125839710235596
 -3.0 3.513552188873291
 -10.0 3.5793581008911133
 -15.0 3.6625828742980957
 -20.0 3.756777763366699
 -30.0 4.248391628265381
 -50.0 6.961938858032227
 -75.0 8.910649299621582
 -100.0 9.756779670715332
 -125.0 10.088069915771484
 -150.0 10.133552551269531
 -200.0 10.113875389099121
 -250.0 9.697422981262207
2013-11-16 00:00:00  13 2
 -0.0 7.871671199798584
 -3.0 7.869003772735596
 -10.0 7.836671352386475
 -15.0 7.793670654296875
 -20.0 7.63500452041626
 -30.0 6.8473358154296875
 -50.0 6.924005031585693
 -75.0 7.847337245941162
 -100.0 8.519671440124512
 -125.0 8.966670036315918
 -150.0 9.278337478637695
 -200.0 9.420337677001953
 -250.0 9.71200180053711
2013-12-16 12:00:00  13 2
 -0.0 8.880002975463867
 -3.0 8.880002975463867
 -10.0 8.878390312194824
 -15.0 8.875165939331055
 -20.0 8.862262725830078
 -30.0 8.74226188659668
 -50.0 8.429681777954102
 -75.0 8.454842567443848
 -100.0 8.914518356323242
 -125.0 9.317100524902344
 -150.0 9.440326690673828
 -200.0 9.500327110290527
 -250.0 9.603874206542969
2014-01-16 12:00:00  13 2
 -0.0 8.935810089111328
 -3.0 8.935810089111328
 -10.0 8.93451976776123
 -15.0 8.934197425842285
 -20.0 8.934197425842285
 -30.0 8.925487518310547
 -50.0 8.869681358337402
 -75.0 8.846776962280273
 -100.0 8.93451976776123
 -125.0 9.215487480163574
 -150.0 9.443229675292969
 -200.0 9.707423210144043
 -250.0 9.86581039428711
2014-02-15 00:00:00  13 2
 -0.0 9.847503662109375
 -3.0 9.84643268585205
 -10.0 9.83714771270752
 -15.0 9.819289207458496
 -20.0 9.791788101196289
 -30.0 9.713217735290527
 -50.0 9.610360145568848
 -75.0 9.517147064208984
 -100.0 9.464287757873535
 -125.0 9.5457181930542
 -150.0 9.578218460083008
 -200.0 10.207503318786621
 -250.0 10.714288711547852
2014-03-16 12:00:00  13 2
 -0.0 12.334196090698242
 -3.0 12.333874702453613
 -10.0 12.30516529083252
 -15.0 12.23226261138916
 -20.0 12.10419750213623
 -30.0 11.668713569641113
 -50.0 10.76710033416748
 -75.0 10.134520530700684
 -100.0 9.660326957702637
 -125.0 9.419360160827637
 -150.0 9.230326652526855
 -200.0 9.280970573425293
 -250.0 9.740326881408691
2014-04-16 00:00:00  13 2
 -0.0 12.160002708435059
 -3.0 12.161669731140137
 -10.0 12.241671562194824
 -15.0 12.431002616882324
 -20.0 12.759672164916992
 -30.0 13.252336502075195
 -50.0 11.676004409790039
 -75.0 10.637003898620605
 -100.0 9.859003067016602
 -125.0 9.315337181091309
 -150.0 8.958002090454102
 -200.0 8.615337371826172
 -250.0 8.679003715515137
2014-05-16 12:00:00  13 2
 -0.0 7.903873920440674
 -3.0 7.902584552764893
 -10.0 7.918713569641113
 -15.0 8.04742431640625
 -20.0 8.97839069366455
 -30.0 11.350004196166992
 -50.0 10.804518699645996
 -75.0 9.90903377532959
 -100.0 9.527422904968262
 -125.0 9.168389320373535
 -150.0 9.194197654724121
 -200.0 9.284841537475586
 -250.0 9.60806941986084
2014-06-16 00:00:00  13 2
 -0.0 4.554004192352295
 -3.0 4.552671432495117
 -10.0 4.439337730407715
 -15.0 4.5543365478515625
 -20.0 5.012004375457764
 -30.0 9.588669776916504
 -50.0 10.155672073364258
 -75.0 9.805336952209473
 -100.0 9.381003379821777
 -125.0 9.148669242858887
 -150.0 9.140668869018555
 -200.0 9.163336753845215
 -250.0 9.313003540039062
2014-07-16 12:00:00  13 2
 -0.0 2.4800031185150146
 -3.0 2.4793589115142822
 -10.0 2.3258097171783447
 -15.0 2.2629079818725586
 -20.0 3.7912943363189697
 -30.0 8.458067893981934
 -50.0 9.82548713684082
 -75.0 9.386455535888672
 -100.0 9.168392181396484
 -125.0 9.047101020812988
 -150.0 8.955809593200684
 -200.0 8.756455421447754
 -250.0 8.836132049560547
2014-08-16 12:00:00  13 2
 -0.0 2.497422695159912
 -3.0 2.498067617416382
 -10.0 2.5200023651123047
 -15.0 2.554842472076416
 -20.0 3.247101306915283
 -30.0 6.871618747711182
 -50.0 8.750649452209473
 -75.0 9.046777725219727
 -100.0 9.131937980651855
 -125.0 9.112585067749023
 -150.0 8.984842300415039
 -200.0 8.91064739227295
 -250.0 8.97710132598877
2014-09-16 00:00:00  13 2
 -0.0 1.837669849395752
 -3.0 1.837669849395752
 -10.0 1.8676692247390747
 -15.0 2.0320043563842773
 -20.0 2.622002601623535
 -30.0 5.786337375640869
 -50.0 8.088668823242188
 -75.0 8.87667179107666
 -100.0 9.177002906799316
 -125.0 9.264669418334961
 -150.0 9.355670928955078
 -200.0 9.56467056274414
 -250.0 9.626005172729492
2014-10-16 12:00:00  13 2
 -0.0 3.662907361984253
 -3.0 3.6635520458221436
 -10.0 3.6680681705474854
 -15.0 3.679358720779419
 -20.0 3.7038750648498535
 -30.0 3.8329079151153564
 -50.0 5.789680004119873
 -75.0 7.32032585144043
 -100.0 8.358713150024414
 -125.0 8.790970802307129
 -150.0 8.98774528503418
 -200.0 9.389036178588867
 -250.0 9.821938514709473
2014-11-16 00:00:00  13 2
 -0.0 6.555670738220215
 -3.0 6.555003643035889
 -10.0 6.537337779998779
 -15.0 6.498337745666504
 -20.0 6.46700382232666
 -30.0 6.437005043029785
 -50.0 6.546004295349121
 -75.0 7.1320037841796875
 -100.0 7.32966947555542
 -125.0 7.842668533325195
 -150.0 8.591336250305176
 -200.0 9.59067153930664
 -250.0 10.222002983093262
2014-12-16 12:00:00  13 2
 -0.0 7.2451653480529785
 -3.0 7.2451653480529785
 -10.0 7.241938591003418
 -15.0 7.2400031089782715
 -20.0 7.235810279846191
 -30.0 7.208066940307617
 -50.0 7.145164966583252
 -75.0 7.034841537475586
 -100.0 7.558712959289551
 -125.0 8.500328063964844
 -150.0 9.09000301361084
 -200.0 9.996455192565918
 -250.0 10.311939239501953
2015-01-16 12:00:00  13 2
 -0.0 9.07935905456543
 -3.0 9.078714370727539
 -10.0 9.07710075378418
 -15.0 9.075166702270508
 -20.0 9.072585105895996
 -30.0 9.063874244689941
 -50.0 8.979035377502441
 -75.0 8.730003356933594
 -100.0 8.604841232299805
 -125.0 8.751938819885254
 -150.0 9.050972938537598
 -200.0 9.64516544342041
 -250.0 9.850325584411621
2015-02-15 00:00:00  13 2
 -0.0 8.431432723999023
 -3.0 8.431432723999023
 -10.0 8.430360794067383
 -15.0 8.424647331237793
 -20.0 8.405004501342773
 -30.0 8.375003814697266
 -50.0 8.193573951721191
 -75.0 8.223217964172363
 -100.0 8.530003547668457
 -125.0 9.025359153747559
 -150.0 9.333575248718262
 -200.0 9.83035945892334
 -250.0 10.334646224975586
2015-03-16 12:00:00  13 2
 -0.0 10.030325889587402
 -3.0 10.030003547668457
 -10.0 10.02613353729248
 -15.0 10.028390884399414
 -20.0 10.034197807312012
 -30.0 9.911293983459473
 -50.0 8.862907409667969
 -75.0 8.03548812866211
 -100.0 7.820649147033691
 -125.0 7.790003299713135
 -150.0 8.122262001037598
 -200.0 9.4174222946167
 -250.0 10.09387493133545
2015-04-16 00:00:00  13 2
 -0.0 8.737669944763184
 -3.0 8.738670349121094
 -10.0 8.766670227050781
 -15.0 8.947004318237305
 -20.0 9.254671096801758
 -30.0 9.713669776916504
 -50.0 9.1293363571167
 -75.0 8.315336227416992
 -100.0 8.151002883911133
 -125.0 8.31567096710205
 -150.0 8.565003395080566
 -200.0 9.40200424194336
 -250.0 10.417336463928223
2015-05-16 12:00:00  13 2
 -0.0 5.595165252685547
 -3.0 5.594520092010498
 -10.0 5.607423782348633
 -15.0 5.7000041007995605
 -20.0 6.620327472686768
 -30.0 9.06322956085205
 -50.0 8.817100524902344
 -75.0 8.153875350952148
 -100.0 8.193227767944336
 -125.0 8.53451919555664
 -150.0 8.690971374511719
 -200.0 9.50516414642334
 -250.0 10.204519271850586
2015-06-16 00:00:00  13 2
 -0.0 3.510002613067627
 -3.0 3.5126688480377197
 -10.0 3.527003049850464
 -15.0 3.6290032863616943
 -20.0 5.18766975402832
 -30.0 8.417004585266113
 -50.0 8.684671401977539
 -75.0 8.412004470825195
 -100.0 8.254003524780273
 -125.0 8.363337516784668
 -150.0 8.836338996887207
 -200.0 9.675671577453613
 -250.0 9.991337776184082
2015-07-16 12:00:00  13 2
 -0.0 2.474198341369629
 -3.0 2.4741978645324707
 -10.0 2.474520206451416
 -15.0 2.4700045585632324
 -20.0 2.7270989418029785
 -30.0 7.049357891082764
 -50.0 8.164520263671875
 -75.0 8.395164489746094
 -100.0 8.461294174194336
 -125.0 8.544842720031738
 -150.0 8.772584915161133
 -200.0 9.114843368530273
 -250.0 9.517099380493164
2015-08-16 12:00:00  13 2
 -0.0 2.1438727378845215
 -3.0 2.1448397636413574
 -10.0 2.1725847721099854
 -15.0 2.207425117492676
 -20.0 2.290971279144287
 -30.0 4.041295051574707
 -50.0 6.938390731811523
 -75.0 7.759036540985107
 -100.0 8.34516429901123
 -125.0 8.459681510925293
 -150.0 8.532585144042969
 -200.0 8.775809288024902
 -250.0 9.160970687866211
2015-09-16 00:00:00  13 2
 -0.0 2.47367000579834
 -3.0 2.474003553390503
 -10.0 2.4870026111602783
 -15.0 2.5043375492095947
 -20.0 2.5753371715545654
 -30.0 3.2826712131500244
 -50.0 5.729003429412842
 -75.0 7.10400390625
 -100.0 7.796004772186279
 -125.0 8.286336898803711
 -150.0 8.653336524963379
 -200.0 8.916003227233887
 -250.0 9.34333610534668
2015-10-16 12:00:00  13 2
 -0.0 4.201939582824707
 -3.0 4.2022624015808105
 -10.0 4.22677755355835
 -15.0 4.266778469085693
 -20.0 4.370324611663818
 -30.0 4.7212934494018555
 -50.0 5.687422275543213
 -75.0 7.298068046569824
 -100.0 7.75613260269165
 -125.0 8.317747116088867
 -150.0 8.670970916748047
 -200.0 9.469681739807129
 -250.0 10.037422180175781
2015-11-16 00:00:00  13 2
 -0.0 6.08600378036499
 -3.0 6.086337089538574
 -10.0 6.086670398712158
 -15.0 6.085669994354248
 -20.0 6.084336757659912
 -30.0 6.081338405609131
 -50.0 6.31833553314209
 -75.0 7.117002964019775
 -100.0 7.7660040855407715
 -125.0 8.526337623596191
 -150.0 8.964338302612305
 -200.0 9.70533561706543
 -250.0 10.301337242126465
2015-12-16 12:00:00  13 2
 -0.0 6.532907009124756
 -3.0 6.532907009124756
 -10.0 6.533228874206543
 -15.0 6.533873558044434
 -20.0 6.533550262451172
 -30.0 6.531939506530762
 -50.0 6.545164108276367
 -75.0 6.837421894073486
 -100.0 7.1932291984558105
 -125.0 7.840003490447998
 -150.0 8.42419719696045
 -200.0 8.93484115600586
 -250.0 9.196455001831055
2016-01-16 12:00:00  13 2
 -0.0 6.985810279846191
 -3.0 6.986454963684082
 -10.0 6.988068103790283
 -15.0 6.993875503540039
 -20.0 7.00322961807251
 -30.0 7.043552875518799
 -50.0 7.135166168212891
 -75.0 7.315165042877197
 -100.0 7.616456508636475
 -125.0 8.038714408874512
 -150.0 8.567424774169922
 -200.0 9.172907829284668
 -250.0 10.109681129455566
2016-02-15 12:00:00  13 2
 -0.0 8.197935104370117
 -3.0 8.198625564575195
 -10.0 8.07586669921875
 -15.0 7.891728401184082
 -20.0 7.731038570404053
 -30.0 7.577245235443115
 -50.0 7.51655387878418
 -75.0 7.572763442993164
 -100.0 7.658968925476074
 -125.0 7.816555500030518
 -150.0 8.018279075622559
 -200.0 8.36759090423584
 -250.0 9.320693016052246
2016-03-16 12:00:00  13 2
 -0.0 11.537745475769043
 -3.0 11.498713493347168
 -10.0 11.22774600982666
 -15.0 10.91935920715332
 -20.0 10.783551216125488
 -30.0 10.40968132019043
 -50.0 9.043230056762695
 -75.0 7.992584228515625
 -100.0 7.768390655517578
 -125.0 7.8412933349609375
 -150.0 8.03322982788086
 -200.0 8.319681167602539
 -250.0 8.834842681884766
2016-04-16 00:00:00  13 2
 -0.0 10.700336456298828
 -3.0 10.699003219604492
 -10.0 10.730003356933594
 -15.0 10.812336921691895
 -20.0 10.827004432678223
 -30.0 10.405003547668457
 -50.0 9.065336227416992
 -75.0 8.294672012329102
 -100.0 7.901670932769775
 -125.0 7.746671199798584
 -150.0 7.881337642669678
 -200.0 8.594003677368164
 -250.0 9.035670280456543
2016-05-16 12:00:00  13 2
 -0.0 6.6632280349731445
 -3.0 6.662260055541992
 -10.0 6.75097131729126
 -15.0 6.815808296203613
 -20.0 7.0177459716796875
 -30.0 8.199358940124512
 -50.0 8.247745513916016
 -75.0 7.944520950317383
 -100.0 7.676132678985596
 -125.0 7.540328025817871
 -150.0 7.5206499099731445
 -200.0 8.367423057556152
 -250.0 8.927423477172852
2016-06-16 00:00:00  13 2
 -0.0 2.4003350734710693
 -3.0 2.3916687965393066
 -10.0 2.424670457839966
 -15.0 3.1633381843566895
 -20.0 4.48167085647583
 -30.0 7.311004161834717
 -50.0 7.588003635406494
 -75.0 7.553336143493652
 -100.0 7.577669620513916
 -125.0 7.70500373840332
 -150.0 7.884003162384033
 -200.0 8.222670555114746
 -250.0 8.394336700439453
2016-07-16 12:00:00  13 2
 -0.0 2.4264566898345947
 -3.0 2.4193596839904785
 -10.0 2.3922617435455322
 -15.0 2.3896803855895996
 -20.0 2.581294298171997
 -30.0 6.084197998046875
 -50.0 6.99387264251709
 -75.0 7.120649814605713
 -100.0 7.194520473480225
 -125.0 7.279036521911621
 -150.0 7.38290548324585
 -200.0 7.837747097015381
 -250.0 8.298391342163086
2016-08-16 12:00:00  13 2
 -0.0 2.2054860591888428
 -3.0 2.2058095932006836
 -10.0 2.226456642150879
 -15.0 2.326456308364868
 -20.0 2.633551836013794
 -30.0 5.552583694458008
 -50.0 6.958713054656982
 -75.0 7.186132431030273
 -100.0 7.197099685668945
 -125.0 7.27935791015625
 -150.0 7.35322904586792
 -200.0 7.704519748687744
 -250.0 8.455809593200684
2016-09-16 00:00:00  13 2
 -0.0 1.9613367319107056
 -3.0 1.9620035886764526
 -10.0 1.9740041494369507
 -15.0 2.021336317062378
 -20.0 2.54833722114563
 -30.0 4.234671115875244
 -50.0 5.975670337677002
 -75.0 6.709670543670654
 -100.0 7.165002346038818
 -125.0 7.413670063018799
 -150.0 7.7833380699157715
 -200.0 8.431005477905273
 -250.0 9.04833698272705
2016-10-16 12:00:00  13 2
 -0.0 3.02968168258667
 -3.0 3.0296812057495117
 -10.0 3.0316152572631836
 -15.0 3.038391590118408
 -20.0 3.0538737773895264
 -30.0 3.1348419189453125
 -50.0 4.565164089202881
 -75.0 5.840327262878418
 -100.0 6.782260894775391
 -125.0 7.014520168304443
 -150.0 7.373551845550537
 -200.0 8.60419750213623
 -250.0 9.306131362915039
2016-11-16 00:00:00  13 2
 -0.0 4.523002624511719
 -3.0 4.523002624511719
 -10.0 4.5243353843688965
 -15.0 4.526336193084717
 -20.0 4.528002738952637
 -30.0 4.533336162567139
 -50.0 4.557669162750244
 -75.0 5.10300350189209
 -100.0 6.103670120239258
 -125.0 7.2566704750061035
 -150.0 8.031670570373535
 -200.0 9.145337104797363
 -250.0 9.516002655029297
2016-12-16 12:00:00  13 2
 -0.0 5.968068599700928
 -3.0 5.968068599700928
 -10.0 5.968069076538086
 -15.0 5.968069076538086
 -20.0 5.968069076538086
 -30.0 5.969037055969238
 -50.0 5.971940517425537
 -75.0 5.994843006134033
 -100.0 6.465486526489258
 -125.0 7.0761332511901855
 -150.0 8.202585220336914
 -200.0 9.410649299621582
 -250.0 9.299680709838867
2017-01-16 12:00:00  13 2
 -0.0 7.3622612953186035
 -3.0 7.3622612953186035
 -10.0 7.361293792724609
 -15.0 7.360325813293457
 -20.0 7.358389377593994
 -30.0 7.3525824546813965
 -50.0 7.33193826675415
 -75.0 7.319680213928223
 -100.0 7.536776542663574
 -125.0 7.655810832977295
 -150.0 8.004842758178711
 -200.0 8.14968204498291
 -250.0 7.811295032501221
2017-02-15 00:00:00  13 2
 -0.0 7.4382171630859375
 -3.0 7.439288139343262
 -10.0 7.440360069274902
 -15.0 7.441075801849365
 -20.0 7.442862033843994
 -30.0 7.445361614227295
 -50.0 7.462506294250488
 -75.0 7.479645729064941
 -100.0 7.4935760498046875
 -125.0 7.503933429718018
 -150.0 7.518576145172119
 -200.0 7.608218669891357
 -250.0 7.672503471374512
2017-03-16 12:00:00  13 2
 -0.0 7.742584705352783
 -3.0 7.742584705352783
 -10.0 7.747101306915283
 -15.0 7.760003566741943
 -20.0 7.774197578430176
 -30.0 7.778069019317627
 -50.0 7.782261848449707
 -75.0 7.794520378112793
 -100.0 7.813875198364258
 -125.0 7.830326557159424
 -150.0 7.83806848526001
 -200.0 7.864841938018799
 -250.0 7.950326919555664
2017-04-16 00:00:00  13 2
 -0.0 7.5770039558410645
 -3.0 7.5763373374938965
 -10.0 7.580337047576904
 -15.0 7.633337020874023
 -20.0 7.828004360198975
 -30.0 8.06700325012207
 -50.0 7.948336124420166
 -75.0 7.810669422149658
 -100.0 7.743670463562012
 -125.0 7.717001914978027
 -150.0 7.708669662475586
 -200.0 7.747003078460693
 -250.0 7.784670352935791
2017-05-16 12:00:00  13 2
 -0.0 5.40742301940918
 -3.0 5.410648345947266
 -10.0 5.4803266525268555
 -15.0 5.707745552062988
 -20.0 6.266455173492432
 -30.0 7.534196376800537
 -50.0 8.159358024597168
 -75.0 8.116456031799316
 -100.0 8.097745895385742
 -125.0 8.08387565612793
 -150.0 8.070003509521484
 -200.0 8.100648880004883
 -250.0 8.105486869812012
2017-06-16 00:00:00  13 2
 -0.0 2.738670825958252
 -3.0 2.7380034923553467
 -10.0 2.748671054840088
 -15.0 2.778337001800537
 -20.0 4.042336940765381
 -30.0 7.186336994171143
 -50.0 7.878669261932373
 -75.0 7.876004219055176
 -100.0 8.040338516235352
 -125.0 8.241670608520508
 -150.0 8.389671325683594
 -200.0 8.646003723144531
 -250.0 8.688004493713379
2017-07-16 12:00:00  13 2
 -0.0 2.0067782402038574
 -3.0 2.0074236392974854
 -10.0 2.0183908939361572
 -15.0 2.041616678237915
 -20.0 2.1371002197265625
 -30.0 5.358068466186523
 -50.0 7.193552017211914
 -75.0 7.540647983551025
 -100.0 7.780972003936768
 -125.0 7.9629058837890625
 -150.0 8.037745475769043
 -200.0 8.21193790435791
 -250.0 8.443875312805176
2017-08-16 12:00:00  13 2
 -0.0 0.9238763451576233
 -3.0 0.9245211482048035
 -10.0 0.9406482577323914
 -15.0 1.193228006362915
 -20.0 2.039034843444824
 -30.0 4.89064884185791
 -50.0 6.656132698059082
 -75.0 7.258392333984375
 -100.0 7.481617450714111
 -125.0 7.836132526397705
 -150.0 8.097746849060059
 -200.0 8.346132278442383
 -250.0 8.43226146697998
2017-09-16 00:00:00  13 2
 -0.0 1.3333348035812378
 -3.0 1.329002857208252
 -10.0 1.251002550125122
 -15.0 1.3570053577423096
 -20.0 1.9546706676483154
 -30.0 4.262002944946289
 -50.0 6.295338153839111
 -75.0 7.054670333862305
 -100.0 7.658004283905029
 -125.0 8.340003967285156
 -150.0 8.559335708618164
 -200.0 8.79000186920166
 -250.0 8.68100357055664
2017-10-16 12:00:00  13 2
 -0.0 5.3090362548828125
 -3.0 5.308391094207764
 -10.0 5.295489311218262
 -15.0 5.206456184387207
 -20.0 4.916778087615967
 -30.0 4.5441975593566895
 -50.0 4.959681034088135
 -75.0 6.534518241882324
 -100.0 7.636778831481934
 -125.0 8.05806827545166
 -150.0 8.264841079711914
 -200.0 8.661293029785156
 -250.0 9.242260932922363
2017-11-16 00:00:00  13 2
 -0.0 6.44266939163208
 -3.0 6.44266939163208
 -10.0 6.440669059753418
 -15.0 6.436335563659668
 -20.0 6.425336837768555
 -30.0 6.35567045211792
 -50.0 5.758670330047607
 -75.0 6.380002498626709
 -100.0 7.06433629989624
 -125.0 7.585669994354248
 -150.0 8.142671585083008
 -200.0 8.72800350189209
 -250.0 8.996337890625
2017-12-16 12:00:00  13 2
 -0.0 6.864841461181641
 -3.0 6.864518642425537
 -10.0 6.840970993041992
 -15.0 6.821615219116211
 -20.0 6.80355167388916
 -30.0 6.744518280029297
 -50.0 6.489681720733643
 -75.0 6.572906017303467
 -100.0 7.230326175689697
 -125.0 7.592584133148193
 -150.0 7.911617279052734
 -200.0 8.625809669494629
 -250.0 9.050326347351074
2018-01-16 12:00:00  13 2
 -0.0 8.172905921936035
 -3.0 8.170326232910156
 -10.0 8.071939468383789
 -15.0 7.9458112716674805
 -20.0 7.8096818923950195
 -30.0 7.5487141609191895
 -50.0 7.089035987854004
 -75.0 6.785810470581055
 -100.0 7.088715076446533
 -125.0 7.690648078918457
 -150.0 8.186132431030273
 -200.0 8.723875999450684
 -250.0 9.278389930725098
2018-02-15 00:00:00  13 2
 -0.0 10.541074752807617
 -3.0 10.466790199279785
 -10.0 10.090360641479492
 -15.0 9.796073913574219
 -20.0 9.462145805358887
 -30.0 8.894645690917969
 -50.0 7.882861137390137
 -75.0 7.168574810028076
 -100.0 7.380717754364014
 -125.0 8.131789207458496
 -150.0 8.801074028015137
 -200.0 9.181075096130371
 -250.0 9.348933219909668
2018-03-16 12:00:00  13 2
 -0.0 9.62613296508789
 -3.0 9.614519119262695
 -10.0 9.383875846862793
 -15.0 9.20645523071289
 -20.0 9.04355239868164
 -30.0 8.689358711242676
 -50.0 8.173229217529297
 -75.0 7.822261333465576
 -100.0 7.993550777435303
 -125.0 8.583874702453613
 -150.0 8.974197387695312
 -200.0 9.581294059753418
 -250.0 9.893874168395996
2018-04-16 00:00:00  13 2
 -0.0 7.661004543304443
 -3.0 7.661003589630127
 -10.0 7.774670124053955
 -15.0 8.017668724060059
 -20.0 8.291337013244629
 -30.0 8.521002769470215
 -50.0 8.359670639038086
 -75.0 8.122005462646484
 -100.0 8.212336540222168
 -125.0 8.680669784545898
 -150.0 9.289003372192383
 -200.0 10.10200309753418
 -250.0 10.707003593444824
2018-05-16 12:00:00  13 2
 -0.0 5.617422103881836
 -3.0 5.619036674499512
 -10.0 5.751616477966309
 -15.0 6.047101020812988
 -20.0 6.397101402282715
 -30.0 7.536776542663574
 -50.0 7.622908115386963
 -75.0 7.724841594696045
 -100.0 7.891617298126221
 -125.0 8.290648460388184
 -150.0 8.825164794921875
 -200.0 9.677422523498535
 -250.0 10.052261352539062
2018-06-16 00:00:00  13 2
 -0.0 2.8203375339508057
 -3.0 2.8173375129699707
 -10.0 2.7640039920806885
 -15.0 2.6750035285949707
 -20.0 4.492669582366943
 -30.0 6.943670749664307
 -50.0 7.203671455383301
 -75.0 7.2956695556640625
 -100.0 7.541670799255371
 -125.0 7.775671005249023
 -150.0 8.090336799621582
 -200.0 8.769002914428711
 -250.0 9.232003211975098
2018-07-16 12:00:00  13 2
 -0.0 1.1954882144927979
 -3.0 1.1945204734802246
 -10.0 1.0532300472259521
 -15.0 1.0664550065994263
 -20.0 1.6271008253097534
 -30.0 6.469679832458496
 -50.0 7.267422199249268
 -75.0 7.341616153717041
 -100.0 7.4612932205200195
 -125.0 7.644197463989258
 -150.0 7.702906608581543
 -200.0 8.098069190979004
 -250.0 8.497099876403809
2018-08-16 12:00:00  13 2
 -0.0 1.7196807861328125
 -3.0 1.7196812629699707
 -10.0 1.7390358448028564
 -15.0 1.8235527276992798
 -20.0 2.4051647186279297
 -30.0 5.465810298919678
 -50.0 7.3616180419921875
 -75.0 7.530648708343506
 -100.0 7.619036674499512
 -125.0 7.718390941619873
 -150.0 7.855486869812012
 -200.0 8.464518547058105
 -250.0 8.988390922546387
2018-09-16 00:00:00  13 2
 -0.0 2.3606698513031006
 -3.0 2.3606698513031006
 -10.0 2.362335205078125
 -15.0 2.386669397354126
 -20.0 2.7403366565704346
 -30.0 4.793336391448975
 -50.0 7.1316704750061035
 -75.0 7.526671886444092
 -100.0 7.706335067749023
 -125.0 7.904337406158447
 -150.0 8.066670417785645
 -200.0 8.706669807434082
 -250.0 9.446002960205078
2018-10-26 12:00:00  13 2
 -0.0 4.109096050262451
 -3.0 4.109096050262451
 -10.0 4.110004901885986
 -15.0 4.110913276672363
 -20.0 4.114550590515137
 -30.0 4.1245503425598145
 -50.0 4.716368198394775
 -75.0 6.230003833770752
 -100.0 6.848184585571289
 -125.0 7.331821918487549
 -150.0 8.130003929138184
 -200.0 8.787278175354004
 -250.0 9.340004920959473
2018-11-16 00:00:00  13 2
 -0.0 4.835004806518555
 -3.0 4.835004806518555
 -10.0 4.837337017059326
 -15.0 4.8393378257751465
 -20.0 4.849337577819824
 -30.0 4.897004127502441
 -50.0 4.930670738220215
 -75.0 5.559004306793213
 -100.0 6.4430036544799805
 -125.0 6.995670795440674
 -150.0 7.525003433227539
 -200.0 8.71733570098877
 -250.0 9.218669891357422
2018-12-16 12:00:00  13 2
 -0.0 5.83677864074707
 -3.0 5.83677864074707
 -10.0 5.839681625366211
 -15.0 5.8422627449035645
 -20.0 5.851617336273193
 -30.0 5.8803277015686035
 -50.0 5.945165157318115
 -75.0 6.005166053771973
 -100.0 6.061294078826904
 -125.0 6.412906646728516
 -150.0 7.0838751792907715
 -200.0 8.303230285644531
 -250.0 9.31806755065918
2019-01-16 12:00:00  13 2
 -0.0 6.579680919647217
 -3.0 6.580325603485107
 -10.0 6.579680919647217
 -15.0 6.58000373840332
 -20.0 6.579680442810059
 -30.0 6.579034805297852
 -50.0 6.575163841247559
 -75.0 6.595810413360596
 -100.0 6.845163345336914
 -125.0 7.020648002624512
 -150.0 7.293874263763428
 -200.0 8.48613166809082
 -250.0 9.616132736206055
2019-02-15 00:00:00  13 2
 -0.0 7.186074256896973
 -3.0 7.186431884765625
 -10.0 7.1928606033325195
 -15.0 7.201788425445557
 -20.0 7.2096452713012695
 -30.0 7.20107364654541
 -50.0 7.132861137390137
 -75.0 7.20107364654541
 -100.0 7.333931922912598
 -125.0 7.5946455001831055
 -150.0 7.8771467208862305
 -200.0 8.461075782775879
 -250.0 9.46500301361084
2019-03-16 12:00:00  13 2
 -0.0 7.559680461883545
 -3.0 7.5574235916137695
 -10.0 7.5132293701171875
 -15.0 7.447744846343994
 -20.0 7.441617012023926
 -30.0 7.443228721618652
 -50.0 7.272261142730713
 -75.0 6.802907466888428
 -100.0 6.776453495025635
 -125.0 6.962584972381592
 -150.0 7.268389701843262
 -200.0 7.79935884475708
 -250.0 8.207422256469727
2019-04-16 00:00:00  13 2
 -0.0 8.523336410522461
 -3.0 8.525336265563965
 -10.0 8.602335929870605
 -15.0 8.761670112609863
 -20.0 8.801337242126465
 -30.0 8.224003791809082
 -50.0 7.460336685180664
 -75.0 7.247337818145752
 -100.0 7.169003486633301
 -125.0 7.34633731842041
 -150.0 7.6106696128845215
 -200.0 8.45067024230957
 -250.0 10.127336502075195
2019-05-16 12:00:00  13 2
 -0.0 5.164843559265137
 -3.0 5.165164947509766
 -10.0 5.333552360534668
 -15.0 6.3174238204956055
 -20.0 7.137424468994141
 -30.0 7.782261848449707
 -50.0 7.779035568237305
 -75.0 7.670649528503418
 -100.0 7.6487135887146
 -125.0 7.728070259094238
 -150.0 8.143550872802734
 -200.0 9.856776237487793
 -250.0 11.253872871398926
2019-06-16 00:00:00  13 2
 -0.0 2.311002492904663
 -3.0 2.311002492904663
 -10.0 2.318002939224243
 -15.0 2.368338108062744
 -20.0 2.891003370285034
 -30.0 7.2703375816345215
 -50.0 7.666670322418213
 -75.0 7.579339504241943
 -100.0 7.639336109161377
 -125.0 7.798004627227783
 -150.0 7.921003341674805
 -200.0 8.67233657836914
 -250.0 9.618670463562012
2019-07-16 12:00:00  13 2
 -0.0 1.8580681085586548
 -3.0 1.8622618913650513
 -10.0 1.8619389533996582
 -15.0 1.8661326169967651
 -20.0 2.0051658153533936
 -30.0 4.792907238006592
 -50.0 7.296779632568359
 -75.0 7.3361334800720215
 -100.0 7.410648345947266
 -125.0 7.530004501342773
 -150.0 7.806456565856934
 -200.0 8.898715019226074
 -250.0 9.412906646728516
2019-08-16 12:00:00  13 2
 -0.0 0.8300033211708069
 -3.0 0.8300033211708069
 -10.0 0.8516151905059814
 -15.0 0.8612931966781616
 -20.0 1.2809714078903198
 -30.0 5.009034633636475
 -50.0 7.364197731018066
 -75.0 7.486133098602295
 -100.0 7.467744827270508
 -125.0 7.577746391296387
 -150.0 7.728713035583496
 -200.0 8.22258472442627
 -250.0 8.608391761779785
2019-09-16 00:00:00  13 2
 -0.0 2.359337329864502
 -3.0 2.360003709793091
 -10.0 2.3546717166900635
 -15.0 2.356003761291504
 -20.0 2.677335500717163
 -30.0 3.8386683464050293
 -50.0 6.215670585632324
 -75.0 7.010671615600586
 -100.0 7.505668640136719
 -125.0 7.813002586364746
 -150.0 8.107004165649414
 -200.0 8.389668464660645
 -250.0 8.319669723510742
2019-10-16 12:00:00  13 2
 -0.0 5.673874378204346
 -3.0 5.67064905166626
 -10.0 5.261615753173828
 -15.0 4.837421894073486
 -20.0 4.506132125854492
 -30.0 4.167099475860596
 -50.0 4.923553466796875
 -75.0 6.526132106781006
 -100.0 7.477099895477295
 -125.0 8.268390655517578
 -150.0 8.630648612976074
 -200.0 8.663874626159668
 -250.0 8.631293296813965
2019-11-16 00:00:00  13 2
 -0.0 8.761336326599121
 -3.0 8.755669593811035
 -10.0 8.363338470458984
 -15.0 7.6976704597473145
 -20.0 6.650671482086182
 -30.0 5.613670825958252
 -50.0 5.199670791625977
 -75.0 5.72567081451416
 -100.0 6.548337459564209
 -125.0 7.826669692993164
 -150.0 8.531336784362793
 -200.0 9.069336891174316
 -250.0 9.064334869384766
2019-12-16 12:00:00  13 2
 -0.0 8.798068046569824
 -3.0 8.7567777633667
 -10.0 8.384519577026367
 -15.0 8.191293716430664
 -20.0 8.015810012817383
 -30.0 7.634519100189209
 -50.0 6.897100448608398
 -75.0 6.480649471282959
 -100.0 6.508068084716797
 -125.0 7.0987138748168945
 -150.0 7.790326118469238
 -200.0 8.729681968688965
 -250.0 9.430325508117676
